2
100
-45 46 4
-55 83 -56
13 61 -64
-100 -77 -31
90 -80 95
87 -51 -94
92 35 66
-48 22 -71
53 -67 68
-70 87 93
-64 -14 -99
43 23 5
49 -24 4
60 79 -17
34 82 -45
95 -46 -20
89 1 -47
-39 -51 -38
-10 54 76
83 27 -51
58 -9 33
62 -59 37
-15 -98 82
87 88 8
-73 -14 -14
-22 65 -97
67 -55 55
9 -94 95
-25 -32 62
-60 -73 61
-2 82 -2
-1 60 -2
68 -59 9
-68 -89 85
23 82 15
29 -62 -32
37 -72 81
-67 79 19
36 -74 39
80 94 -21
-34 82 -75
-46 -29 -53
72 -23 56
-13 56 -58
-74 50 97
17 -41 55
-77 -20 13
-15 -35 25
-86 -26 -23
21 -1 -21
-34 19 33
-84 97 93
40 -60 53
-57 -70 95
61 84 88
-67 -80 77
23 -6 -51
-50 42 -100
14 -5 -10
-28 33 -44
46 -15 -52
-27 -16 81
-94 9 -33
50 44 -96
-38 -96 65
62 54 -81
89 54 -9
-76 62 95
69 -41 13
-18 20 59
83 -45 4
18 -29 48
27 -14 55
-8 47 52
-27 93 -23
71 -84 85
46 64 62
37 -8 14
17 -58 68
27 -63 15
37 5 -56
19 -71 69
-15 45 82
-73 -15 41
-96 60 95
5 -91 44
5 -56 -14
96 55 -95
-96 -80 44
-37 -15 32
-13 24 -49
64 -88 59
-91 -69 -33
91 85 -48
-89 -67 66
24 -45 32
48 -81 29
7 96 -25
4 -62 56
81 -56 -25
64 9
57 90
12 22
71 83
59 99
78 26
18 24
53 60
94 92
65 31
7 95
10 69
29 41
2 1
71 19
18 77
23 85
61 9
5 8
51 66
54 28
26 42
68 83
17 43
44 76
88 74
10 45
24 89
30 6
58 3
55 6
88 8
21 70
73 39
20 45
55 31
96 60
97 38
4 72
42 92
16 32
75 49
50 23
91 56
52 86
69 89
13 3
87 73
25 82
79 19
80 50
66 34
37 46
7 34
39 47
27 75
81 48
37 61
4 86
82 14
28 58
81 40
87 94
35 67
56 44
64 62
68 33
84 79
67 76
17 80
78 90
53 74
84 65
62 57
97 35
43 30
14 27
46 49
100 51
47 20
70 96
41 36
59 21
54 32
99 100
48 22
40 2
98 11
85 91
15 16
15 52
95 36
38 13
72 25
11 63
5 77
63 93
98 33
93 12
1 4128 -4119 4325
100
-45 46 4
-55 83 -56
13 61 -64
-100 -77 -31
90 -80 95
87 -51 -94
92 35 66
-48 22 -71
53 -67 68
-70 87 93
-64 -14 -99
43 23 5
49 -24 4
60 79 -17
34 82 -45
95 -46 -20
89 1 -47
-39 -51 -38
-10 54 76
83 27 -51
58 -9 33
62 -59 37
-15 -98 82
87 88 8
-73 -14 -14
-22 65 -97
67 -55 55
9 -94 95
-25 -32 62
-60 -73 61
-2 82 -2
-1 60 -2
68 -59 9
-68 -89 85
23 82 15
29 -62 -32
37 -72 81
-67 79 19
36 -74 39
80 94 -21
-34 82 -75
-46 -29 -53
72 -23 56
-13 56 -58
-74 50 97
17 -41 55
-77 -20 13
-15 -35 25
-86 -26 -23
21 -1 -21
-34 19 33
-84 97 93
40 -60 53
-57 -70 95
61 84 88
-67 -80 77
23 -6 -51
-50 42 -100
14 -5 -10
-28 33 -44
46 -15 -52
-27 -16 81
-94 9 -33
50 44 -96
-38 -96 65
62 54 -81
89 54 -9
-76 62 95
69 -41 13
-18 20 59
83 -45 4
18 -29 48
27 -14 55
-8 47 52
-27 93 -23
71 -84 85
46 64 62
37 -8 14
17 -58 68
27 -63 15
37 5 -56
19 -71 69
-15 45 82
-73 -15 41
-96 60 95
5 -91 44
5 -56 -14
96 55 -95
-96 -80 44
-37 -15 32
-13 24 -49
64 -88 59
-91 -69 -33
91 85 -48
-89 -67 66
24 -45 32
48 -81 29
7 96 -25
4 -62 56
81 -56 -25
64 9
57 90
12 22
71 83
59 99
78 26
18 24
53 60
94 92
65 31
7 95
10 69
29 41
2 1
71 19
18 77
23 85
61 9
5 8
51 66
54 28
26 42
68 83
17 43
44 76
88 74
10 45
24 89
30 6
58 3
55 6
88 8
21 70
73 39
20 45
55 31
96 60
97 38
4 72
42 92
16 32
75 49
50 23
91 56
52 86
69 89
13 3
87 73
25 82
79 19
80 50
66 34
37 46
7 34
39 47
27 75
81 48
37 61
4 86
82 14
28 58
81 40
87 94
35 67
56 44
64 62
68 33
84 79
67 76
17 80
78 90
53 74
84 65
62 57
97 35
43 30
14 27
46 49
100 51
47 20
70 96
41 36
59 21
54 32
99 100
48 22
40 2
98 11
85 91
15 16
15 52
95 36
38 13
72 25
11 63
5 77
63 93
98 33
93 12
1 0 0 0