100
-87 -92 -78
-81 4 16
-43 -89 -15
-60 7 13
-87 81 -72
27 -3 -85
-39 -82 21
83 54 36
26 -47 74
77 -90 -98
-39 -73 51
33 74 12
26 -95 84
-57 -75 34
-28 60 -58
-21 -21 72
50 -48 -100
-47 8 -61
-73 79 78
32 -81 4
70 -80 -29
-49 37 -81
51 39 5
-62 41 -10
59 -93 -29
-44 -61 -88
-42 -18 34
80 -35 -97
-91 -89 10
-19 -72 60
-13 -1 98
-55 -87 -26
-41 -100 -27
41 21 60
84 13 75
61 21 76
31 -81 64
-82 95 -37
-6 -90 -46
65 -98 31
-63 -18 62
-74 -80 57
82 65 49
32 31 -40
-78 55 60
-5 5 -79
-22 -91 -22
81 -14 -65
56 83 99
-72 9 -1
-36 44 -89
-34 -97 34
65 0 62
-70 59 -75
58 94 -43
-94 -62 -47
34 -73 41
22 -29 78
-29 50 -43
7 1 -12
-63 50 43
-68 11 -36
14 74 -11
-75 30 32
53 -95 62
-21 36 -65
13 -74 24
-90 -21 -41
36 62 -76
-26 -42 -42
28 35 -70
58 12 -65
-27 79 68
-18 53 18
-14 -36 47
21 90 62
-64 -100 38
18 -8 -48
71 -23 -4
89 -59 -21
-37 9 -53
-44 52 30
-97 86 22
40 81 -97
-25 69 -47
12 -31 9
62 39 -62
-38 52 29
67 -13 38
42 -61 46
-27 -31 93
56 -1 -17
95 16 35
48 28 24
76 60 -51
-65 12 -5
67 21 75
14 80 17
24 -48 -73
-96 -97 -99
74 1
12 1
68 1
46 1
82 1
1 32
48 1
100 1
1 98
1 81
1 70
6 1
31 1
1 80
35 1
24 1
1 41
54 1
1 22
1 17
1 5
59 1
1 44
33 1
45 1
1 42
87 1
20 1
1 16
77 1
25 1
15 1
79 1
1 29
43 1
66 1
83 1
1 93
64 1
1 95
1 55
23 1
1 49
92 1
88 1
37 1
4 1
34 1
75 1
1 18
1 28
1 7
1 90
1 40
1 9
1 96
1 38
1 26
1 99
71 1
1 36
52 1
1 69
97 1
57 1
1 47
1 73
1 65
1 84
14 1
1 76
1 60
1 53
1 86
89 1
39 1
1 72
27 1
13 1
1 61
30 1
1 19
11 1
62 1
1 56
21 1
50 1
1 85
1 2
1 78
3 1
10 1
8 1
94 1
67 1
58 1
1 91
1 63
1 51
1 -4189 4278 -4380