1
100
-10 86 -96
55 97 46
55 67 75
38 68 24
-10 52 -29
13 64 19
-33 49 -53
-46 95 19
4 97 19
36 49 -23
13 48 19
76 82 31
72 97 36
76 82 46
45 90 16
45 48 19
-10 86 47
48 86 22
45 90 -22
30 86 19
-50 86 -76
26 76 16
-8 97 19
-10 93 -22
-3 50 -41
55 18 46
59 49 -23
49 97 36
38 97 36
65 83 -70
-2 49 -53
4 90 19
-3 49 -41
38 97 46
45 49 -23
-3 49 -53
38 61 16
98 97 46
4 82 19
65 49 -23
75 58 46
-10 86 3
72 97 46
7 49 -53
19 55 -22
9 90 19
76 82 14
45 90 -23
-10 52 -79
-10 86 19
65 83 -23
48 86 19
75 97 46
-16 95 16
9 66 19
45 90 -25
19 28 -22
26 95 16
38 57 16
38 81 38
56 82 46
-10 93 -29
19 90 -67
-10 93 -76
4 95 19
9 41 19
14 93 -76
-7 97 16
65 83 -29
45 90 19
-10 96 -29
48 92 19
65 11 -23
65 83 -83
-3 49 -23
38 57 38
-3 64 -23
-10 86 -76
38 57 -2
36 49 8
-10 86 -29
-3 94 -23
-10 49 -23
38 90 16
4 86 19
38 97 16
38 90 -21
48 86 21
26 97 16
9 97 46
19 90 -22
38 68 16
27 90 -22
76 97 46
65 83 -76
55 67 46
-3 83 -53
65 83 -46
45 90 -27
35 97 19
80 10
48 15
54 58
2 96
84 86
67 64
76 60
27 35
15 70
71 5
41 53
86 37
73 40
16 11
36 33
39 32
97 36
74 98
75 82
95 98
94 34
70 19
56 19
43 2
96 26
81 50
10 40
84 59
72 52
85 52
86 29
35 48
78 81
51 98
34 2
87 84
52 18
62 64
36 75
75 83
53 2
45 57
7 31
9 85
75 77
37 92
16 70
14 61
17 42
100 9
44 7
50 85
36 7
14 12
66 46
5 81
62 81
95 69
8 65
1 78
19 93
29 28
22 89
86 34
95 30
20 85
65 32
9 23
86 89
43 13
94 38
14 94
88 18
90 2
40 35
68 89
6 11
78 21
59 79
91 45
91 19
35 75
91 63
15 84
85 32
89 58
42 50
55 46
62 24
96 3
46 32
51 40
49 5
47 12
59 76
33 25
99 19
92 4
32 70
15 0 0 -4482
