100
-46 2 62
-81 11 5
-52 -5 62
-93 -3 -3
-93 11 60
-44 54 55
-93 11 68
-45 16 62
-98 -7 60
-44 11 66
-34 -9 62
-52 41 62
-52 25 62
-22 16 47
-52 41 57
-45 21 62
-44 54 15
-76 40 55
-57 -9 62
-88 54 55
-93 25 62
-93 11 39
-93 -20 62
-22 16 35
-22 16 77
-22 16 68
-93 11 66
-93 -3 39
-27 54 55
-52 44 57
-44 47 96
-22 16 83
-52 50 62
-93 16 62
-51 -9 62
-46 25 62
-52 80 62
-95 -9 62
-45 16 39
-39 50 99
-14 25 -6
-93 2 39
-93 11 62
-93 -38 39
-39 50 62
-48 -9 62
-93 37 71
-93 27 62
-81 11 21
-52 25 24
-45 16 55
-93 57 91
-65 41 57
-75 40 55
-45 50 55
-52 72 62
-45 60 93
-93 11 47
-44 47 55
-98 11 21
-93 11 5
-22 77 55
-14 25 24
-57 -9 26
-93 16 94
-45 16 66
-91 11 66
-93 30 62
-93 -42 62
-93 49 93
-38 25 24
-22 54 55
-93 60 93
-93 11 10
-9 25 24
-93 4 39
-77 2 62
-87 41 57
-93 -20 93
-93 -33 93
-93 57 93
-14 48 24
-93 30 68
-93 37 62
-22 16 55
-64 11 5
-45 21 17
-93 16 93
-93 9 68
-88 40 55
-46 25 79
-70 -9 62
-78 25 62
-93 28 10
-70 2 62
-22 -7 35
-98 11 62
-98 11 60
-45 -9 62
-93 33 62
22 74
20 6
36 91
42 22
60 97
85 51
49 2
57 73
15 30
58 5
23 69
98 5
48 21
27 67
10 27
46 19
59 6
50 13
73 88
13 3
36 13
4 28
50 63
56 33
25 32
77 1
23 68
14 85
78 15
66 51
43 27
61 86
93 13
28 44
83 89
79 80
34 88
8 51
22 76
72 6
29 72
26 32
31 59
42 28
92 99
68 21
100 48
50 75
96 24
72 62
21 43
63 41
8 99
54 18
37 56
45 33
13 56
12 13
5 43
18 90
83 68
98 9
34 68
87 16
26 85
22 43
8 34
55 51
85 24
6 17
92 95
72 85
39 8
92 35
36 1
81 52
53 15
98 60
88 70
84 68
82 63
11 35
47 84
88 81
35 38
99 16
21 13
64 19
12 15
2 61
23 79
74 94
7 5
46 99
71 75
90 20
61 22
65 88
45 40
21 0 -4395 0
