100
-42 73 -40
-46 92 15
-54 86 -67
-88 -17 -17
-54 51 -57
-54 14 -57
-46 49 -78
-46 72 -52
-88 -4 -17
-25 99 -57
-45 4 -57
-46 72 -17
-93 41 -57
-69 97 -70
-76 86 -70
-44 86 -70
-46 39 -17
-27 51 -57
-46 99 -36
-46 51 -22
-46 51 -57
-54 86 -61
-54 86 -94
-25 28 -57
-48 86 -70
-69 86 -70
-44 72 -90
-7 72 -28
-54 86 -73
-46 59 29
-46 72 -57
-46 56 -57
-6 86 -70
-25 38 -75
-46 -26 -17
-42 75 -29
-60 86 -70
-54 4 -57
-46 -8 -17
-95 72 -78
-93 86 -70
-95 72 -53
-46 72 2
-46 92 -17
-46 20 -17
-95 82 -78
-93 41 -32
-25 72 -57
-5 73 -78
-25 28 -75
-55 86 -70
-46 72 -48
-54 72 -57
-94 86 -67
-36 28 -57
-93 86 -55
-54 55 -68
22 72 -28
-55 78 -70
-46 72 15
-46 14 -17
-46 72 -36
-54 35 -57
-25 50 -57
-93 86 -57
-47 86 -57
-93 72 -98
-44 72 -57
-93 72 -57
-25 38 -57
-42 75 -78
-46 -4 -17
-46 72 29
-84 72 -57
-54 48 -68
-46 72 -28
-42 73 -78
-11 50 -57
-27 51 -60
-46 72 -78
-30 73 -78
-65 72 -48
22 72 16
-54 86 -59
-46 72 -26
-78 72 -17
-32 72 -57
-54 48 -57
-54 86 -70
-50 86 -70
1 72 -28
-93 86 -87
-42 72 -78
-25 79 -57
-90 72 -78
-56 75 -78
-73 28 -57
-7 38 -57
-54 -13 -57
-93 86 -34
11 38
5 38
39 45
59 51
5 53
89 26
29 89
71 93
53 31
71 36
79 18
90 16
76 91
70 24
54 3
13 65
93 77
56 65
47 13
7 80
46 40
21 18
98 70
33 89
78 64
77 81
12 17
75 57
31 12
65 66
60 2
14 26
97 55
60 43
77 49
9 4
65 69
40 42
50 34
22 89
65 41
73 30
10 94
12 86
61 72
89 3
88 75
21 5
31 69
15 51
89 23
53 63
73 12
8 62
48 87
93 80
31 48
41 37
15 41
74 31
83 58
44 12
62 52
93 95
52 82
76 28
72 45
62 19
21 20
58 28
8 12
24 55
69 67
99 6
100 41
35 72
51 25
32 31
41 89
73 60
68 69
48 70
70 94
80 40
16 41
17 72
23 84
71 96
27 68
72 9
1 77
60 85
76 31
88 5
31 80
34 70
56 92
6 88
48 64
12 0 4139 0
