100
42 -11 52
99 -77 52
39 -89 75
57 -89 27
57 -66 66
81 -97 66
79 -79 34
57 -89 78
31 -77 34
31 -31 34
57 -89 49
57 -52 28
57 -77 16
57 -65 33
57 -89 39
84 -53 34
79 -21 52
57 -89 60
79 -72 34
79 -32 35
33 -89 27
79 -89 16
32 -52 60
79 -34 52
79 -77 57
15 -65 71
57 -76 60
79 -89 -12
79 -89 34
79 -77 16
70 -52 71
96 -11 52
57 -65 71
79 -53 45
37 -89 66
79 -44 34
57 -66 27
56 -87 34
79 -52 16
70 -54 71
98 -59 34
79 -53 34
79 -89 30
79 -89 75
79 -76 30
79 -72 -2
99 -42 88
40 -53 34
99 -51 66
65 -52 48
57 -89 40
57 -33 71
79 -97 -2
41 -77 -26
57 -51 66
79 -77 30
57 -52 60
79 -67 -26
99 -77 88
57 -12 60
70 -81 71
57 -52 71
94 -89 -12
57 -35 60
57 -97 66
79 -75 52
79 -89 88
79 -77 34
81 -89 34
57 -89 50
57 -89 34
79 -77 52
79 -11 52
79 -53 86
98 -89 66
57 -89 66
57 -94 60
29 -53 86
72 -53 34
79 -53 52
79 -81 34
79 -59 34
77 -89 39
57 -52 48
57 -39 60
81 -89 1
57 -77 19
79 -77 -26
65 -89 16
94 -77 -28
79 -89 -9
99 -15 88
57 -48 60
57 0 60
79 -77 -28
79 -53 35
56 -77 34
79 -53 68
79 -53 62
79 -89 -7
11 76
5 76
17 80
60 57
16 48
93 57
55 76
40 31
93 64
19 81
95 90
75 76
69 71
19 42
42 68
28 63
33 26
72 2
43 22
9 10
80 42
13 87
18 71
59 2
23 57
11 4
76 51
71 29
66 80
57 84
80 73
45 43
44 3
49 55
69 86
100 28
97 9
30 88
42 98
30 13
15 83
22 89
97 38
99 34
80 99
18 76
35 76
29 100
72 25
79 42
18 57
66 24
44 29
33 14
62 52
54 88
30 68
91 100
85 94
73 1
39 22
74 78
65 6
62 31
67 44
7 81
53 46
72 80
96 80
20 96
62 12
47 59
31 61
29 36
41 82
37 5
27 77
4 21
76 15
74 80
43 56
29 82
42 48
47 92
62 57
27 93
62 33
76 65
70 8
32 73
95 88
42 29
88 58
57 85
84 50
29 43
68 9
46 19
71 8
68 0 4279 0
