1
100
20 -64 4
20 -100 -25
21 -100 -5
16 -100 11
21 -58 -25
13 -100 11
-14 -100 9
60 -100 -15
20 -100 17
20 -100 9
16 -100 -9
-27 -77 -8
57 -100 -8
31 -100 11
21 -100 -8
25 -100 -29
31 -64 4
88 -71 -59
18 -97 47
-64 -100 11
39 -100 -29
31 -100 -8
-8 -100 -45
43 -97 39
31 -59 -8
40 -100 -25
31 -100 -55
20 -100 11
-17 -100 11
11 -73 -15
20 -100 4
43 -73 -15
11 -73 -61
-14 -94 9
60 -100 31
-17 -87 16
21 -100 -25
10 -100 -8
31 -100 -5
43 -100 -15
-8 -100 5
16 -100 -57
20 -53 9
31 -100 4
31 -100 -65
42 -100 -10
-13 -100 24
38 -100 -8
21 -100 -10
61 -73 -15
38 -73 3
-41 -100 11
20 -100 22
31 -100 -11
31 -56 28
20 -100 -15
20 -100 7
37 -100 9
31 -100 5
11 -100 28
-41 -100 47
31 -100 -30
18 -92 47
61 -100 9
-27 -96 -8
-17 -87 47
43 -71 -6
37 -100 -8
25 -100 -25
10 -100 -50
16 -99 11
31 -100 -45
-17 -97 47
6 -59 -8
-17 -100 47
43 -97 -6
-17 -59 47
17 -100 11
-20 -100 9
20 -100 -8
10 -100 -45
-9 -100 -29
31 -100 28
-13 -100 9
-23 -77 -8
-27 -100 -8
31 -100 -29
43 -71 -15
-41 -100 32
11 -73 3
5 -100 -10
63 -100 -5
19 -100 -8
31 -74 5
43 -71 -59
3 -100 -15
31 -100 -68
31 -57 -8
-14 -100 -45
-58 -100 47
76 24
75 77
66 75
39 22
51 90
76 67
22 59
88 67
54 44
87 72
40 56
28 4
54 72
62 72
38 93
28 10
95 18
10 7
8 40
35 8
61 75
42 11
40 88
15 13
3 92
32 40
80 31
27 97
75 29
45 72
30 32
53 28
66 36
37 3
80 22
29 28
58 10
71 4
59 83
20 29
33 30
9 10
46 49
49 91
57 28
81 72
12 85
22 98
99 81
73 19
60 83
10 64
2 26
16 21
50 32
29 78
84 47
86 65
87 16
55 83
88 95
7 34
12 86
22 93
89 61
22 25
56 96
2 37
74 25
87 22
69 26
16 82
56 28
6 4
13 68
17 44
75 73
70 81
97 62
56 80
100 61
10 84
14 87
15 49
4 11
37 5
48 22
30 90
22 15
89 52
59 94
81 23
19 63
10 79
59 41
37 15
86 93
43 10
1 17
22 4201 0 0
