2
100
-20 72 -69
-29 55 33
-20 -96 -89
26 -72 -85
97 12 -85
-13 -6 3
31 -88 78
-67 66 10
43 -12 40
33 90 -87
-62 -97 86
36 -1 76
-88 -23 -61
-24 -55 -67
30 -58 33
58 -98 95
64 -25 -49
-84 92 36
-63 -40 -45
-19 -85 -59
-15 -12 7
-58 -93 -4
-90 -83 -75
83 -99 15
-39 -33 24
4 17 -36
-18 -77 -81
-59 -27 45
74 66 -96
1 -4 -8
22 -8 -85
-81 -11 97
-68 -88 -26
24 -66 -74
43 -5 -34
-65 -90 62
-33 -38 -20
-49 69 -53
-22 -20 50
-28 70 11
16 -1 -15
-22 -65 66
92 9 -31
-79 -87 -12
-83 34 -5
37 -14 21
-31 34 -92
-93 -18 11
19 -87 61
-41 -54 -67
35 55 -19
88 5 -45
-97 -84 84
-36 -54 31
-74 -95 -48
65 55 14
-69 -53 56
-54 96 16
38 47 -79
-96 -74 64
26 -21 24
46 -52 51
-39 75 -87
45 -74 67
-89 90 -42
-33 89 -8
15 44 66
-58 -61 84
-5 -40 60
-76 -18 88
-42 -3 92
-34 60 -90
93 57 78
-38 94 86
-55 -98 96
-79 31 63
78 -78 57
65 -90 -55
99 34 36
-100 -17 48
-68 -24 84
-96 79 79
23 -7 7
-54 -45 0
14 -1 -43
-26 -76 -12
-21 -17 -24
45 63 60
-31 33 -9
83 -11 -76
7 -20 49
17 -56 56
-38 86 -6
-82 76 -67
40 -58 -55
63 11 -71
-68 28 82
-16 6 -23
8 60 65
-7 -81 14
14 28
71 31
11 54
75 2
79 36
17 87
17 16
33 89
92 4
6 64
45 32
62 24
61 48
38 69
85 16
22 73
49 44
59 40
59 7
32 54
18 63
35 40
32 3
15 76
50 6
2 93
17 38
62 52
88 26
47 94
97 42
32 25
61 38
17 21
51 27
19 23
13 72
65 31
46 37
17 8
29 68
78 69
54 76
96 40
55 50
82 50
60 86
18 85
6 99
38 50
29 51
82 56
54 5
71 83
20 70
77 36
12 92
61 52
1 15
54 38
69 34
67 98
83 17
95 17
36 82
10 1
95 46
50 70
53 58
28 9
49 57
69 42
76 89
71 94
16 49
88 1
61 84
45 41
43 15
30 61
8 39
93 92
94 51
100 75
31 9
66 49
58 93
72 83
19 52
93 16
70 91
16 60
49 74
40 81
67 75
80 50
73 83
85 90
73 96
17 4278 4168 4109
100
-20 72 -69
-29 55 33
-20 -96 -89
26 -72 -85
97 12 -85
-13 -6 3
31 -88 78
-67 66 10
43 -12 40
33 90 -87
-62 -97 86
36 -1 76
-88 -23 -61
-24 -55 -67
30 -58 33
58 -98 95
64 -25 -49
-84 92 36
-63 -40 -45
-19 -85 -59
-15 -12 7
-58 -93 -4
-90 -83 -75
83 -99 15
-39 -33 24
4 17 -36
-18 -77 -81
-59 -27 45
74 66 -96
1 -4 -8
22 -8 -85
-81 -11 97
-68 -88 -26
24 -66 -74
43 -5 -34
-65 -90 62
-33 -38 -20
-49 69 -53
-22 -20 50
-28 70 11
16 -1 -15
-22 -65 66
92 9 -31
-79 -87 -12
-83 34 -5
37 -14 21
-31 34 -92
-93 -18 11
19 -87 61
-41 -54 -67
35 55 -19
88 5 -45
-97 -84 84
-36 -54 31
-74 -95 -48
65 55 14
-69 -53 56
-54 96 16
38 47 -79
-96 -74 64
26 -21 24
46 -52 51
-39 75 -87
45 -74 67
-89 90 -42
-33 89 -8
15 44 66
-58 -61 84
-5 -40 60
-76 -18 88
-42 -3 92
-34 60 -90
93 57 78
-38 94 86
-55 -98 96
-79 31 63
78 -78 57
65 -90 -55
99 34 36
-100 -17 48
-68 -24 84
-96 79 79
23 -7 7
-54 -45 0
14 -1 -43
-26 -76 -12
-21 -17 -24
45 63 60
-31 33 -9
83 -11 -76
7 -20 49
17 -56 56
-38 86 -6
-82 76 -67
40 -58 -55
63 11 -71
-68 28 82
-16 6 -23
8 60 65
-7 -81 14
14 28
71 31
11 54
75 2
79 36
17 87
17 16
33 89
92 4
6 64
45 32
62 24
61 48
38 69
85 16
22 73
49 44
59 40
59 7
32 54
18 63
35 40
32 3
15 76
50 6
2 93
17 38
62 52
88 26
47 94
97 42
32 25
61 38
17 21
51 27
19 23
13 72
65 31
46 37
17 8
29 68
78 69
54 76
96 40
55 50
82 50
60 86
18 85
6 99
38 50
29 51
82 56
54 5
71 83
20 70
77 36
12 92
61 52
1 15
54 38
69 34
67 98
83 17
95 17
36 82
10 1
95 46
50 70
53 58
28 9
49 57
69 42
76 89
71 94
16 49
88 1
61 84
45 41
43 15
30 61
8 39
93 92
94 51
100 75
31 9
66 49
58 93
72 83
19 52
93 16
70 91
16 60
49 74
40 81
67 75
80 50
73 83
85 90
73 96
17 0 0 0