2
100
8 -32 54
-47 9 -22
-81 37 11
29 87 -30
-49 79 -62
-61 7 -9
-57 -99 -59
53 0 -46
56 82 16
-17 49 -79
88 -53 83
-74 -46 -31
-6 -67 -54
-89 21 -74
-79 -56 -9
-64 -12 15
-54 84 37
37 -91 12
-80 -35 7
99 -71 -26
52 -58 68
9 65 20
60 -68 98
-22 32 29
4 2 52
-77 39 -84
-60 33 60
-51 -10 -20
-48 8 -48
8 -1 67
-89 94 -75
-45 82 97
-31 90 -98
-15 -45 -96
-13 87 63
-73 7 -62
66 76 18
73 68 51
-38 -94 63
82 32 35
23 0 10
23 -21 -89
-38 99 83
-71 71 -95
18 -97 -62
-35 78 -41
-12 -10 94
-2 -2 -33
99 68 -55
95 -39 -64
40 -42 -88
92 -94 49
87 -77 92
-9 40 31
-73 -92 -94
23 -43 -34
-30 -71 -78
47 -61 -3
73 67 -47
-77 -68 -6
56 36 -56
-64 74 79
-88 91 -24
-67 -95 68
-88 47 94
-54 -47 -23
68 11 99
14 -95 -51
10 -26 -55
12 5 -19
-55 93 -87
6 24 -14
-44 -56 -62
-26 63 79
47 -52 43
62 -37 -29
87 4 -88
-91 32 -99
97 40 35
99 7 28
-97 -12 -22
46 -9 69
-88 -60 78
47 -70 26
91 -39 15
-35 -17 78
88 -90 29
73 7 -15
-54 -10 58
63 69 35
28 -39 72
-65 -19 46
-97 -63 -48
54 -95 60
-74 79 93
1 -78 72
63 -26 61
-11 -77 78
58 90 88
25 -20 3
70 77
11 94
52 29
46 11
51 70
61 40
57 29
14 98
59 44
38 92
75 21
48 10
36 74
12 41
90 29
4 64
19 84
96 28
50 1
12 13
83 22
5 77
88 25
55 42
26 73
46 68
75 42
44 16
48 20
60 36
79 81
7 32
16 65
52 71
18 43
10 72
86 58
79 78
81 27
90 39
69 13
63 40
70 73
79 85
47 56
38 16
24 90
33 29
25 54
79 42
44 76
88 70
21 83
97 5
93 74
96 67
40 95
11 77
66 68
18 53
31 12
56 84
51 34
62 26
8 16
68 3
31 35
92 99
98 45
49 51
13 16
91 100
75 52
76 32
66 30
2 49
47 21
46 9
80 18
75 72
36 69
6 79
16 28
89 34
37 91
1 11
77 87
11 13
18 98
53 15
86 65
77 23
98 37
13 42
61 75
29 82
87 18
92 17
4 49
75 4360 4149 4064
100
8 -32 54
-47 9 -22
-81 37 11
29 87 -30
-49 79 -62
-61 7 -9
-57 -99 -59
53 0 -46
56 82 16
-17 49 -79
88 -53 83
-74 -46 -31
-6 -67 -54
-89 21 -74
-79 -56 -9
-64 -12 15
-54 84 37
37 -91 12
-80 -35 7
99 -71 -26
52 -58 68
9 65 20
60 -68 98
-22 32 29
4 2 52
-77 39 -84
-60 33 60
-51 -10 -20
-48 8 -48
8 -1 67
-89 94 -75
-45 82 97
-31 90 -98
-15 -45 -96
-13 87 63
-73 7 -62
66 76 18
73 68 51
-38 -94 63
82 32 35
23 0 10
23 -21 -89
-38 99 83
-71 71 -95
18 -97 -62
-35 78 -41
-12 -10 94
-2 -2 -33
99 68 -55
95 -39 -64
40 -42 -88
92 -94 49
87 -77 92
-9 40 31
-73 -92 -94
23 -43 -34
-30 -71 -78
47 -61 -3
73 67 -47
-77 -68 -6
56 36 -56
-64 74 79
-88 91 -24
-67 -95 68
-88 47 94
-54 -47 -23
68 11 99
14 -95 -51
10 -26 -55
12 5 -19
-55 93 -87
6 24 -14
-44 -56 -62
-26 63 79
47 -52 43
62 -37 -29
87 4 -88
-91 32 -99
97 40 35
99 7 28
-97 -12 -22
46 -9 69
-88 -60 78
47 -70 26
91 -39 15
-35 -17 78
88 -90 29
73 7 -15
-54 -10 58
63 69 35
28 -39 72
-65 -19 46
-97 -63 -48
54 -95 60
-74 79 93
1 -78 72
63 -26 61
-11 -77 78
58 90 88
25 -20 3
70 77
11 94
52 29
46 11
51 70
61 40
57 29
14 98
59 44
38 92
75 21
48 10
36 74
12 41
90 29
4 64
19 84
96 28
50 1
12 13
83 22
5 77
88 25
55 42
26 73
46 68
75 42
44 16
48 20
60 36
79 81
7 32
16 65
52 71
18 43
10 72
86 58
79 78
81 27
90 39
69 13
63 40
70 73
79 85
47 56
38 16
24 90
33 29
25 54
79 42
44 76
88 70
21 83
97 5
93 74
96 67
40 95
11 77
66 68
18 53
31 12
56 84
51 34
62 26
8 16
68 3
31 35
92 99
98 45
49 51
13 16
91 100
75 52
76 32
66 30
2 49
47 21
46 9
80 18
75 72
36 69
6 79
16 28
89 34
37 91
1 11
77 87
11 13
18 98
53 15
86 65
77 23
98 37
13 42
61 75
29 82
87 18
92 17
4 49
75 0 0 0