100
77 -61 -92
39 4 24
-7 64 -63
73 -52 -68
-43 -85 -2
-24 -86 63
75 -88 -16
-74 -17 62
-66 -90 58
49 5 37
-48 -4 -31
13 92 -85
-55 41 78
-50 -22 -89
-30 95 -17
38 99 14
-60 66 7
-41 58 38
-3 66 -11
50 -35 -84
77 -19 47
84 42 -92
-34 1 12
-69 -50 2
-79 3 84
-83 -96 29
85 -20 37
14 -62 92
-58 -68 58
64 -50 96
-80 71 72
-100 47 -31
-2 -97 75
95 26 -41
49 68 -82
14 -14 62
-49 -25 76
97 -97 43
-86 -42 10
-16 -2 40
-87 17 -92
8 -74 11
56 -70 95
-73 -30 -1
-90 76 40
-92 -24 -49
53 26 -35
-43 -71 -33
-16 96 -38
78 -97 89
-87 66 93
-43 96 25
78 26 -62
-9 -29 75
-53 80 -41
27 82 34
56 -9 -60
-63 18 47
20 -91 49
-74 15 -38
-67 71 -36
-74 27 -69
60 81 -62
8 -42 32
59 20 -49
65 36 -21
32 38 -98
21 48 -76
54 4 -77
-77 89 92
59 27 84
43 -98 21
-61 59 88
71 80 14
67 76 38
10 -67 -76
6 -75 -95
96 50 2
-17 -23 -47
-52 -56 -39
10 27 -51
-47 4 77
40 -99 37
-90 -19 53
57 91 18
-67 78 28
93 16 -91
80 45 32
-84 -98 -29
-79 -70 -80
-54 87 42
-30 -43 53
-84 -36 -80
63 16 20
51 -14 85
-56 -46 59
33 3 39
37 81 -51
60 -81 -93
-40 12 -51
77 6
27 75
3 59
23 14
12 62
18 58
13 73
98 71
11 88
87 43
73 44
65 74
45 76
56 6
90 59
65 85
36 16
84 50
6 72
31 30
48 20
9 80
2 96
73 18
9 5
49 51
78 81
55 93
88 18
23 7
91 59
46 32
23 10
86 28
16 33
65 64
52 72
14 2
75 54
29 89
97 27
31 4
23 39
38 89
49 35
66 75
32 97
1 60
16 40
5 94
18 48
21 33
100 47
16 34
54 15
55 85
88 42
52 69
95 22
62 60
37 78
59 60
49 97
24 38
33 17
96 61
35 63
28 90
67 82
6 53
70 14
54 72
83 4
99 88
22 72
23 98
68 85
85 72
73 89
60 18
26 14
4 75
54 8
87 4
72 9
100 62
89 41
73 54
57 89
23 89
25 4
84 18
92 77
3 79
9 19
6 82
40 52
50 78
76 38
54 -4205 4330 -4362