2
100
-75 30 -44
14 37 60
18 43 -23
-52 97 90
-71 76 -33
-46 33 74
54 -55 67
-77 44 -70
0 -99 -55
49 -84 70
-79 6 79
93 68 81
3 55 -78
-27 66 -44
-78 16 0
51 52 -95
-78 3 -82
-85 21 36
84 9 -39
77 60 -38
23 7 41
-64 9 18
14 -45 74
47 5 -85
-42 69 8
-34 35 96
-72 -25 39
71 28 48
-77 -91 -3
-47 -55 26
15 -71 -77
-78 -62 12
-12 -49 -86
-59 2 -69
-60 78 20
-96 -69 78
80 -13 81
51 -55 -10
41 9 -25
-74 13 25
-9 44 35
61 29 31
46 -38 31
-30 -78 95
-28 18 87
78 -100 76
66 -56 49
52 25 62
-25 -96 45
53 8 -42
53 25 -44
67 16 -66
47 7 83
19 98 53
-68 0 -73
-98 -10 1
-41 0 63
84 78 67
86 -57 82
93 -64 -11
47 23 -11
-69 -65 24
-42 -91 80
96 90 23
94 -57 -62
-71 -29 -74
49 -22 -36
-10 -32 -64
-98 25 -87
-25 56 -34
42 -79 43
88 44 -75
72 -23 93
74 -40 67
59 21 2
-16 -62 -87
40 -22 47
79 -69 -75
-98 -65 -87
-68 -23 38
-29 -39 -38
40 76 33
-69 95 55
-9 60 -60
-88 -32 -99
-66 -18 47
-67 73 -73
34 26 81
-11 85 89
71 -97 13
-32 27 -21
55 2 -70
58 90 83
42 -19 59
-100 76 55
32 18 57
43 -90 -6
-79 23 -18
40 -33 40
46 88 89
32 71
95 48
25 7
31 26
10 28
62 93
46 78
73 18
88 22
76 19
97 43
43 13
3 86
37 42
90 84
39 77
47 26
65 39
16 78
73 56
39 82
49 37
64 20
96 76
61 97
64 41
37 25
3 24
58 74
90 30
17 15
66 12
64 54
55 77
23 64
90 63
6 67
12 79
72 60
26 99
38 48
91 45
67 34
97 9
36 15
8 40
53 55
24 37
25 17
44 57
27 58
47 64
96 1
83 57
77 85
98 96
3 77
64 81
68 28
43 29
16 94
87 88
39 80
13 51
96 100
64 69
37 76
35 3
70 55
24 66
87 89
71 76
83 47
35 8
17 59
50 57
3 11
24 47
73 92
49 84
10 24
84 14
48 25
5 80
60 22
34 47
22 33
99 75
2 65
9 53
46 73
91 96
49 21
26 52
49 62
4 90
60 9
73 55
16 58
47 4275 -4032 4000
100
-75 30 -44
14 37 60
18 43 -23
-52 97 90
-71 76 -33
-46 33 74
54 -55 67
-77 44 -70
0 -99 -55
49 -84 70
-79 6 79
93 68 81
3 55 -78
-27 66 -44
-78 16 0
51 52 -95
-78 3 -82
-85 21 36
84 9 -39
77 60 -38
23 7 41
-64 9 18
14 -45 74
47 5 -85
-42 69 8
-34 35 96
-72 -25 39
71 28 48
-77 -91 -3
-47 -55 26
15 -71 -77
-78 -62 12
-12 -49 -86
-59 2 -69
-60 78 20
-96 -69 78
80 -13 81
51 -55 -10
41 9 -25
-74 13 25
-9 44 35
61 29 31
46 -38 31
-30 -78 95
-28 18 87
78 -100 76
66 -56 49
52 25 62
-25 -96 45
53 8 -42
53 25 -44
67 16 -66
47 7 83
19 98 53
-68 0 -73
-98 -10 1
-41 0 63
84 78 67
86 -57 82
93 -64 -11
47 23 -11
-69 -65 24
-42 -91 80
96 90 23
94 -57 -62
-71 -29 -74
49 -22 -36
-10 -32 -64
-98 25 -87
-25 56 -34
42 -79 43
88 44 -75
72 -23 93
74 -40 67
59 21 2
-16 -62 -87
40 -22 47
79 -69 -75
-98 -65 -87
-68 -23 38
-29 -39 -38
40 76 33
-69 95 55
-9 60 -60
-88 -32 -99
-66 -18 47
-67 73 -73
34 26 81
-11 85 89
71 -97 13
-32 27 -21
55 2 -70
58 90 83
42 -19 59
-100 76 55
32 18 57
43 -90 -6
-79 23 -18
40 -33 40
46 88 89
32 71
95 48
25 7
31 26
10 28
62 93
46 78
73 18
88 22
76 19
97 43
43 13
3 86
37 42
90 84
39 77
47 26
65 39
16 78
73 56
39 82
49 37
64 20
96 76
61 97
64 41
37 25
3 24
58 74
90 30
17 15
66 12
64 54
55 77
23 64
90 63
6 67
12 79
72 60
26 99
38 48
91 45
67 34
97 9
36 15
8 40
53 55
24 37
25 17
44 57
27 58
47 64
96 1
83 57
77 85
98 96
3 77
64 81
68 28
43 29
16 94
87 88
39 80
13 51
96 100
64 69
37 76
35 3
70 55
24 66
87 89
71 76
83 47
35 8
17 59
50 57
3 11
24 47
73 92
49 84
10 24
84 14
48 25
5 80
60 22
34 47
22 33
99 75
2 65
9 53
46 73
91 96
49 21
26 52
49 62
4 90
60 9
73 55
16 58
47 0 0 0