2
100
-73 -49 -88
-79 -70 -19
-65 69 93
40 42 94
71 -31 9
-61 -50 90
77 99 -53
-29 -20 26
47 9 62
-77 37 -54
87 -42 71
-76 70 -86
70 -34 69
-68 -4 -81
-38 65 29
-2 -27 -48
37 -31 -5
99 27 18
-46 63 -50
-65 -66 90
71 17 -60
-90 -16 47
54 67 59
44 -2 33
-98 -66 46
85 69 65
-18 -52 -72
27 71 -2
-17 -31 33
5 60 -54
0 -81 -32
18 12 23
-64 -30 -80
-85 -47 -58
27 42 -54
-97 -66 28
-23 82 -74
14 48 -56
26 93 -79
-88 47 -21
-16 -22 82
25 40 -99
-67 92 -55
36 22 -85
-31 -29 -52
-57 40 9
4 83 -72
-23 -85 79
36 65 -84
72 0 46
-19 -78 43
63 45 -88
64 -30 24
-53 3 -76
87 18 -86
93 9 89
-87 -69 70
5 -6 -42
46 78 -91
-100 37 46
-51 -75 42
41 99 97
-79 14 -25
73 -75 -3
-20 44 -94
97 -4 -85
-94 79 -100
87 -19 -32
8 -15 -33
-76 58 58
-83 47 -49
-52 24 -79
-70 -87 -59
80 70 -21
28 -79 62
-29 48 15
47 29 -42
-85 49 20
57 68 33
66 -18 32
91 -85 -77
-28 54 -69
-67 49 24
69 -85 24
-60 -66 45
40 -24 -87
-87 61 -36
-93 -98 -62
88 10 -78
66 -10 90
10 -36 56
-88 25 69
66 -30 -62
26 11 31
-87 46 73
-29 7 49
-5 -90 4
-22 2 6
67 70 -78
1 -32 -94
83 56
54 68
16 26
18 34
75 40
64 36
78 54
28 93
47 3
58 2
17 34
83 5
15 23
70 32
71 18
65 22
99 59
46 98
74 96
72 31
41 88
31 5
57 38
9 84
36 11
3 98
74 6
86 40
100 77
37 91
11 90
75 92
24 37
46 7
30 67
9 27
14 65
42 21
23 94
26 64
28 4
13 70
24 79
85 44
45 12
15 44
57 16
69 61
33 90
53 62
4 45
63 76
48 60
1 19
69 49
67 17
76 6
100 42
91 58
25 10
29 51
39 66
48 77
29 12
8 41
20 33
73 2
22 27
88 43
13 19
10 94
86 55
8 53
89 93
52 7
95 62
50 55
51 52
50 79
84 87
80 78
97 99
30 60
21 35
25 59
81 92
39 85
47 43
87 80
97 82
95 66
61 38
81 14
49 89
20 56
71 96
82 68
72 35
73 32
1 4200 4418 4322
100
-73 -49 -88
-79 -70 -19
-65 69 93
40 42 94
71 -31 9
-61 -50 90
77 99 -53
-29 -20 26
47 9 62
-77 37 -54
87 -42 71
-76 70 -86
70 -34 69
-68 -4 -81
-38 65 29
-2 -27 -48
37 -31 -5
99 27 18
-46 63 -50
-65 -66 90
71 17 -60
-90 -16 47
54 67 59
44 -2 33
-98 -66 46
85 69 65
-18 -52 -72
27 71 -2
-17 -31 33
5 60 -54
0 -81 -32
18 12 23
-64 -30 -80
-85 -47 -58
27 42 -54
-97 -66 28
-23 82 -74
14 48 -56
26 93 -79
-88 47 -21
-16 -22 82
25 40 -99
-67 92 -55
36 22 -85
-31 -29 -52
-57 40 9
4 83 -72
-23 -85 79
36 65 -84
72 0 46
-19 -78 43
63 45 -88
64 -30 24
-53 3 -76
87 18 -86
93 9 89
-87 -69 70
5 -6 -42
46 78 -91
-100 37 46
-51 -75 42
41 99 97
-79 14 -25
73 -75 -3
-20 44 -94
97 -4 -85
-94 79 -100
87 -19 -32
8 -15 -33
-76 58 58
-83 47 -49
-52 24 -79
-70 -87 -59
80 70 -21
28 -79 62
-29 48 15
47 29 -42
-85 49 20
57 68 33
66 -18 32
91 -85 -77
-28 54 -69
-67 49 24
69 -85 24
-60 -66 45
40 -24 -87
-87 61 -36
-93 -98 -62
88 10 -78
66 -10 90
10 -36 56
-88 25 69
66 -30 -62
26 11 31
-87 46 73
-29 7 49
-5 -90 4
-22 2 6
67 70 -78
1 -32 -94
83 56
54 68
16 26
18 34
75 40
64 36
78 54
28 93
47 3
58 2
17 34
83 5
15 23
70 32
71 18
65 22
99 59
46 98
74 96
72 31
41 88
31 5
57 38
9 84
36 11
3 98
74 6
86 40
100 77
37 91
11 90
75 92
24 37
46 7
30 67
9 27
14 65
42 21
23 94
26 64
28 4
13 70
24 79
85 44
45 12
15 44
57 16
69 61
33 90
53 62
4 45
63 76
48 60
1 19
69 49
67 17
76 6
100 42
91 58
25 10
29 51
39 66
48 77
29 12
8 41
20 33
73 2
22 27
88 43
13 19
10 94
86 55
8 53
89 93
52 7
95 62
50 55
51 52
50 79
84 87
80 78
97 99
30 60
21 35
25 59
81 92
39 85
47 43
87 80
97 82
95 66
61 38
81 14
49 89
20 56
71 96
82 68
72 35
73 32
1 0 0 0