1
100
66 -76 41
43 -38 26
-74 -51 73
-30 -89 71
42 98 -71
-75 -13 -41
-43 -32 89
48 -74 90
62 50 -12
66 -63 -58
-40 76 -73
24 9 61
98 -71 -90
-27 79 -50
61 94 99
74 -52 93
40 82 -34
70 21 16
16 93 52
75 92 -70
89 53 38
-60 31 -92
-35 57 -36
61 68 -36
0 70 26
81 74 74
46 -98 20
-37 55 2
-56 -5 -52
82 -21 -53
63 -7 -71
-40 -9 24
73 -94 46
-18 74 79
-16 -78 94
-80 21 7
62 -70 -79
95 31 80
-86 91 35
15 17 -6
19 90 -11
-40 -93 87
-92 56 -34
81 -76 -91
68 -9 97
54 -39 -42
-1 73 56
-78 51 17
87 -21 -35
90 -35 93
41 44 -6
96 22 -74
-42 -62 61
70 -3 57
-58 -66 -24
86 33 -23
79 38 -15
70 -89 82
37 91 86
34 -95 6
31 -10 -14
81 -62 53
-15 76 -46
-31 -86 39
-34 98 46
-56 64 66
70 -54 -94
-46 -64 79
-93 -45 -97
46 -4 -41
62 40 -9
-48 -91 0
66 49 7
-46 88 84
-53 -18 49
92 18 52
-44 53 41
25 42 88
15 3 -12
35 -80 -14
-65 24 -60
16 -97 -91
50 34 98
4 -47 -41
-81 68 -8
-79 -97 -1
43 -7 2
-51 -39 -48
-67 -70 21
-61 59 67
18 -50 65
39 -62 13
15 67 -96
-41 -61 38
21 84 -32
23 -96 -48
95 76 -55
-8 84 -28
72 5 37
30 -47 6
36 76
67 19
91 90
61 47
14 50
62 85
84 81
86 9
96 9
97 48
12 18
100 46
93 47
57 13
54 13
15 76
58 68
33 58
4 16
52 40
92 59
82 56
15 2
72 78
92 84
99 31
88 85
10 47
93 44
4 3
45 74
27 62
39 50
49 13
60 13
51 8
60 58
23 16
28 80
88 5
94 84
69 15
28 40
27 7
35 1
52 94
99 15
5 29
47 62
32 69
71 40
44 6
82 63
24 88
38 76
34 35
77 12
12 21
31 47
79 52
62 70
24 17
89 47
12 74
50 37
92 64
3 20
96 1
75 3
90 20
83 12
82 27
89 13
46 12
66 17
53 41
39 30
18 97
82 42
61 52
96 89
62 20
25 39
27 87
55 51
73 12
41 52
52 67
96 8
12 93
12 65
40 26
22 66
43 61
20 72
13 50
40 11
41 98
95 60
50 -4322 4054 -4202