100
52 -20 33
-55 82 -30
48 0 28
68 85 -24
1 -83 48
22 2 -5
-65 -70 -2
75 87 -21
61 -39 -46
-82 80 55
-47 27 62
16 -77 0
90 30 87
58 -53 17
-1 57 52
-40 46 -92
-75 -19 -45
45 -87 -36
6 54 -21
-68 26 -76
-46 -79 51
42 4 89
-14 1 90
-58 -1 -49
-24 -45 87
22 65 35
-81 71 80
-58 -49 -26
-46 -75 -62
64 -30 80
5 -38 44
-18 29 99
-50 -67 -66
-91 28 -70
-22 -64 -28
-60 -26 87
17 44 -85
87 68 -89
-44 14 79
-33 84 -71
-69 71 -14
72 53 -26
-1 85 -75
-91 -50 -5
-17 -12 -99
-5 -27 -22
60 -51 13
-76 44 93
-1 40 42
44 50 66
-29 65 79
23 -30 39
-11 72 64
-79 31 -7
27 75 -37
11 74 10
-67 30 16
79 91 -13
-64 -80 -30
65 -48 -16
-7 38 48
-87 -28 9
36 22 -44
53 80 -51
-11 17 28
77 -56 30
25 21 90
48 -77 29
-75 -23 -57
97 93 10
-26 35 -34
99 -14 80
-76 85 33
-34 90 -66
-32 -21 -65
-36 -70 74
-33 -18 -95
-38 62 64
68 64 82
-91 82 -58
-39 -46 -99
76 -9 -64
-13 30 -75
-70 -15 85
64 -8 -32
-53 54 -28
77 49 38
-29 91 -37
-17 -35 12
55 97 -64
-48 41 84
58 -99 -5
94 7 -64
91 89 10
91 14 -92
86 -89 -85
80 31 92
99 62 -60
-17 -48 71
-71 58 -78
98 81
2 82
69 53
22 28
86 91
82 79
81 21
57 5
61 100
71 91
33 6
24 40
29 80
74 56
49 78
9 6
99 86
67 70
89 5
39 28
88 23
36 8
35 49
38 41
4 77
84 52
45 7
93 44
43 96
23 37
58 59
97 96
46 58
29 3
100 33
68 60
13 64
22 95
34 75
52 41
42 43
60 55
37 17
54 76
76 1
99 66
46 3
61 18
84 65
10 97
34 73
95 80
8 32
51 57
72 59
32 9
85 44
48 26
19 11
20 78
92 62
4 67
21 83
94 16
90 88
90 16
10 94
75 30
47 20
26 25
65 63
93 77
14 87
25 68
71 12
87 47
31 11
79 15
85 35
17 39
40 70
18 83
19 50
45 66
64 54
38 56
72 24
14 27
12 63
69 74
73 48
98 92
7 89
36 51
31 53
42 30
62 2
13 27
50 55
1 -4211 -4107 -4163