2
100
68 -37 73
-51 60 2
-8 -75 86
9 55 -34
-42 26 -16
75 -32 -95
-86 -82 68
-57 -51 62
-47 -55 23
17 -48 -47
-39 90 83
-77 4 -84
-27 -61 -16
0 35 85
77 43 4
-51 43 36
85 80 40
52 96 -46
-40 -41 93
89 -94 -54
-55 -38 -88
-50 -97 27
-25 -4 53
25 64 32
-24 -45 -66
-85 -54 86
16 36 -13
-45 -86 -33
93 6 -1
57 -51 23
-14 43 95
-98 38 -99
-32 -93 41
12 50 76
80 -97 60
-77 47 70
-96 31 -15
68 -6 -79
-49 79 13
-6 -100 77
-33 -76 96
66 8 -98
-14 -41 15
-53 44 -67
22 5 18
-86 -64 5
27 -61 15
-57 28 43
90 20 89
-29 23 -16
-67 -61 29
14 -13 -49
78 -48 6
37 -93 -21
46 -2 41
-78 -68 28
-22 66 -31
27 55 14
98 66 -12
-92 78 -60
-68 -65 2
-54 71 -66
69 -61 -31
-91 -16 -33
-27 51 97
88 -78 -92
48 -38 -44
-80 88 13
78 -68 82
1 -73 -9
63 17 -5
-57 21 -38
-36 -27 -4
46 -73 30
9 4 -36
27 27 91
-7 -28 -76
-73 70 97
-47 82 86
89 6 31
-92 -10 -28
-53 44 0
-68 77 -100
1 49 -73
42 -63 73
-3 -72 20
92 70 -42
88 -7 -79
78 75 20
-6 -74 37
28 -68 -39
9 -51 -23
23 98 -15
32 71 -28
92 47 82
-48 72 -15
-23 -44 -66
25 33 34
54 0 70
-16 -71 84
29 76
49 8
77 65
11 10
91 80
82 17
50 70
43 87
8 95
20 48
97 9
63 4
80 88
89 93
28 69
18 79
59 33
62 10
29 94
27 74
50 73
15 42
65 58
98 36
30 64
92 32
67 16
25 79
23 22
45 90
53 52
34 26
75 40
31 49
24 57
41 52
44 96
81 40
78 7
37 100
35 31
47 83
56 32
64 34
84 33
86 82
9 45
85 55
20 27
6 99
42 96
12 51
91 78
88 61
56 28
81 12
39 68
60 19
2 24
37 53
62 83
98 21
18 99
47 54
75 13
16 5
2 69
67 87
3 77
14 70
54 6
58 43
76 3
72 95
71 93
4 25
17 71
92 23
66 84
85 63
22 46
44 46
66 57
73 38
60 1
90 61
39 48
59 7
13 11
72 68
30 19
89 38
21 15
36 94
97 55
35 14
41 51
26 74
100 86
1 4204 -4036 4005
100
68 -37 73
-51 60 2
-8 -75 86
9 55 -34
-42 26 -16
75 -32 -95
-86 -82 68
-57 -51 62
-47 -55 23
17 -48 -47
-39 90 83
-77 4 -84
-27 -61 -16
0 35 85
77 43 4
-51 43 36
85 80 40
52 96 -46
-40 -41 93
89 -94 -54
-55 -38 -88
-50 -97 27
-25 -4 53
25 64 32
-24 -45 -66
-85 -54 86
16 36 -13
-45 -86 -33
93 6 -1
57 -51 23
-14 43 95
-98 38 -99
-32 -93 41
12 50 76
80 -97 60
-77 47 70
-96 31 -15
68 -6 -79
-49 79 13
-6 -100 77
-33 -76 96
66 8 -98
-14 -41 15
-53 44 -67
22 5 18
-86 -64 5
27 -61 15
-57 28 43
90 20 89
-29 23 -16
-67 -61 29
14 -13 -49
78 -48 6
37 -93 -21
46 -2 41
-78 -68 28
-22 66 -31
27 55 14
98 66 -12
-92 78 -60
-68 -65 2
-54 71 -66
69 -61 -31
-91 -16 -33
-27 51 97
88 -78 -92
48 -38 -44
-80 88 13
78 -68 82
1 -73 -9
63 17 -5
-57 21 -38
-36 -27 -4
46 -73 30
9 4 -36
27 27 91
-7 -28 -76
-73 70 97
-47 82 86
89 6 31
-92 -10 -28
-53 44 0
-68 77 -100
1 49 -73
42 -63 73
-3 -72 20
92 70 -42
88 -7 -79
78 75 20
-6 -74 37
28 -68 -39
9 -51 -23
23 98 -15
32 71 -28
92 47 82
-48 72 -15
-23 -44 -66
25 33 34
54 0 70
-16 -71 84
29 76
49 8
77 65
11 10
91 80
82 17
50 70
43 87
8 95
20 48
97 9
63 4
80 88
89 93
28 69
18 79
59 33
62 10
29 94
27 74
50 73
15 42
65 58
98 36
30 64
92 32
67 16
25 79
23 22
45 90
53 52
34 26
75 40
31 49
24 57
41 52
44 96
81 40
78 7
37 100
35 31
47 83
56 32
64 34
84 33
86 82
9 45
85 55
20 27
6 99
42 96
12 51
91 78
88 61
56 28
81 12
39 68
60 19
2 24
37 53
62 83
98 21
18 99
47 54
75 13
16 5
2 69
67 87
3 77
14 70
54 6
58 43
76 3
72 95
71 93
4 25
17 71
92 23
66 84
85 63
22 46
44 46
66 57
73 38
60 1
90 61
39 48
59 7
13 11
72 68
30 19
89 38
21 15
36 94
97 55
35 14
41 51
26 74
100 86
1 0 0 0