100
46 -6 21
-60 81 -83
-22 -93 -92
88 -12 -76
12 -26 -77
-88 1 13
77 -29 85
-95 2 -20
60 -13 98
-41 -84 -85
70 -57 47
-52 13 80
-65 71 16
-77 -62 51
-88 -37 54
12 46 -87
-25 73 67
-77 -26 -85
1 66 -76
98 42 27
-25 -30 -1
-90 44 78
-68 78 -50
67 66 0
-99 17 -99
39 91 -3
-57 -57 67
-78 76 -63
-61 -70 48
-49 92 7
14 -15 31
-65 99 62
90 -24 -47
70 -20 64
-32 40 -59
8 66 40
-55 -15 70
60 -98 8
81 -82 -4
-74 39 4
61 51 79
39 53 36
32 65 -84
83 -82 26
-31 54 -22
68 -23 98
-79 94 -39
-71 68 38
-88 25 -16
-61 -80 40
54 -95 38
69 62 -66
0 -47 15
37 88 -51
-70 89 22
21 -32 -36
66 70 73
-40 -54 -28
87 6 -32
-17 27 5
-24 39 -74
62 33 86
-79 -50 89
60 -23 -85
-82 -95 -3
34 -5 -90
91 56 7
-83 67 7
92 90 -31
-20 -81 66
-88 -33 83
-53 61 -69
99 -100 50
38 -8 31
92 27 55
-44 88 -58
-25 96 49
63 41 45
-27 3 -47
84 -72 -40
84 0 -23
-96 -46 -11
-44 55 30
57 72 -48
-92 66 58
-52 91 88
-95 -3 67
-84 27 -77
48 72 0
52 39 17
70 33 -40
-37 -43 -65
61 12 -12
-69 -6 -20
42 82 -10
-77 -86 -88
57 -4 17
87 38 96
-6 90 -53
94 20 -70
57 94
47 64
79 83
88 74
15 16
35 29
21 97
37 64
22 88
37 25
53 14
27 55
11 70
15 56
52 82
18 82
26 7
18 17
31 81
62 50
3 91
99 23
20 33
39 19
77 85
81 100
31 43
59 98
55 89
52 43
7 38
38 48
69 26
71 61
79 21
32 86
68 96
74 30
48 23
65 73
34 96
90 14
9 4
77 97
33 94
75 84
49 17
67 9
92 78
29 90
6 60
10 95
65 39
62 99
41 50
73 59
11 44
6 70
25 34
5 54
42 16
13 87
72 51
12 71
80 46
44 45
91 93
98 40
40 30
28 41
92 2
80 27
75 24
8 85
68 86
3 63
45 10
36 54
36 72
60 83
5 63
1 57
95 69
93 66
24 8
13 12
19 28
51 58
76 78
76 49
47 53
4 84
89 100
87 2
22 42
58 46
20 32
56 61
35 67
1 4232 -4002 4125