100
-82 -19 -19
92 -54 33
75 -31 -40
-88 -13 -31
-94 -85 68
-82 -63 -40
-75 66 -23
4 -36 -78
42 77 -22
10 9 -16
57 89 -82
78 9 -33
-49 5 7
36 -35 -84
23 82 52
86 68 -75
-39 -5 -91
-54 48 43
50 -26 -44
36 -17 -40
50 -42 -88
90 -8 21
63 52 65
63 49 -30
76 -17 63
-88 7 65
4 -14 6
-2 -94 88
-31 18 19
18 -4 -59
-36 56 0
-49 36 -98
-14 -56 62
-58 34 -9
42 -58 -25
-40 -77 35
58 11 93
54 -24 91
-19 -18 -36
92 -50 14
76 -87 97
-39 -94 -83
-36 -21 -42
16 22 -78
89 -76 34
-3 -59 65
-94 59 76
-27 55 -40
-97 96 62
-21 33 -56
60 -69 42
0 -51 59
95 -74 1
59 -14 45
-55 42 -26
88 80 65
55 -16 45
-79 -17 16
49 -88 -77
38 60 -40
32 -27 -92
-48 8 -7
81 -65 -55
-93 -70 -10
56 -58 -44
45 81 57
-59 81 27
-90 60 -51
-54 89 11
62 -68 13
-17 -69 -71
-100 96 37
-52 -50 -92
-68 -49 36
40 -38 -18
-11 10 4
91 96 57
-3 34 67
-74 -99 -19
67 -81 11
-69 85 -72
62 -92 -3
93 59 -24
-67 -65 -78
-47 81 59
81 78 32
-87 -83 58
85 66 38
20 -82 -85
-69 24 -91
-14 -2 46
-10 15 -15
33 24 -19
33 99 7
-39 -95 -57
57 90 -38
23 -40 -71
-86 -9 95
91 11 26
33 52 -82
1 50
1 83
60 1
91 1
35 1
16 1
1 31
1 25
87 1
1 41
1 20
22 1
80 1
44 1
36 1
1 92
4 1
99 1
1 53
40 1
1 55
77 1
1 95
46 1
82 1
1 54
39 1
1 24
1 64
33 1
43 1
21 1
3 1
75 1
68 1
1 72
61 1
1 65
12 1
1 9
1 66
1 97
1 15
19 1
32 1
1 51
8 1
1 14
47 1
1 94
1 2
98 1
1 79
1 86
23 1
30 1
13 1
1 49
6 1
1 27
1 11
17 1
1 84
29 1
1 89
1 63
42 1
38 1
10 1
1 37
56 1
69 1
70 1
1 81
28 1
1 90
34 1
7 1
52 1
73 1
71 1
26 1
74 1
1 88
1 93
58 1
45 1
1 59
85 1
76 1
96 1
1 5
18 1
1 48
1 67
62 1
1 57
78 1
1 100
1 -4062 -4084 4171