2
100
20 -56 87
19 -53 66
77 -10 -97
-30 7 -42
-56 -6 -2
-26 53 78
-94 72 -83
-59 -26 84
-87 -50 -94
-47 -74 -1
80 -23 -94
84 -47 96
-84 13 -7
61 49 32
-48 -27 -35
-22 98 51
-73 -24 -62
28 48 99
90 27 28
75 -26 88
-14 -61 -30
55 -55 45
80 70 91
-89 31 -34
-1 -65 -80
86 49 51
91 4 5
52 90 -18
84 60 -100
-32 86 5
69 -10 65
76 -45 -59
24 22 20
-59 -32 41
46 -71 7
-58 -24 -38
-99 94 23
-15 64 -29
99 -52 -70
-64 -68 -93
-90 27 87
59 -37 -62
77 10 -24
12 -75 44
-7 74 -24
-74 65 29
-50 33 -87
17 -8 -71
-81 -93 -34
15 50 95
2 -37 -35
38 28 94
-62 -83 23
-73 -31 33
-53 84 -87
-54 44 20
-90 85 -60
35 -28 -41
-91 -75 -37
46 57 -58
-5 -94 70
-22 -78 -51
52 32 68
30 -40 -60
-86 -92 -66
6 -10 -47
50 29 -83
-59 40 71
-50 -51 -66
-51 91 51
6 -13 -90
-40 80 -58
94 -88 87
-87 57 93
-22 17 -36
-26 70 -48
-88 88 -85
55 -65 -27
-20 87 -15
85 -21 -71
-88 67 44
-52 -38 -86
-8 -96 0
95 -3 17
34 -24 -92
-18 -90 45
4 -62 -39
-66 37 -45
-12 70 -49
25 -6 54
68 81 -30
45 35 59
-56 -49 14
96 1 43
38 88 -17
-15 -66 75
-47 -85 78
-82 6 -60
1 -95 -61
-33 -87 -66
98 1
81 1
1 55
66 1
20 1
16 1
33 1
1 24
51 1
1 73
48 1
1 28
3 1
1 6
93 1
1 52
1 83
1 75
1 11
1 69
46 1
1 10
1 17
99 1
1 39
45 1
87 1
1 12
1 5
1 77
1 65
89 1
1 26
32 1
53 1
1 27
61 1
97 1
1 8
63 1
62 1
41 1
42 1
78 1
1 59
1 9
1 49
1 34
1 64
1 58
1 14
94 1
1 44
13 1
18 1
37 1
1 21
1 15
23 1
38 1
85 1
35 1
96 1
1 90
1 29
1 82
1 68
1 22
84 1
1 19
1 54
1 7
1 25
1 72
40 1
74 1
56 1
1 91
1 31
80 1
1 2
76 1
1 43
71 1
4 1
1 86
1 95
70 1
36 1
1 88
67 1
1 57
79 1
100 1
1 30
1 92
60 1
1 50
47 1
1 -4196 -4297 -4159
100
20 -56 87
19 -53 66
77 -10 -97
-30 7 -42
-56 -6 -2
-26 53 78
-94 72 -83
-59 -26 84
-87 -50 -94
-47 -74 -1
80 -23 -94
84 -47 96
-84 13 -7
61 49 32
-48 -27 -35
-22 98 51
-73 -24 -62
28 48 99
90 27 28
75 -26 88
-14 -61 -30
55 -55 45
80 70 91
-89 31 -34
-1 -65 -80
86 49 51
91 4 5
52 90 -18
84 60 -100
-32 86 5
69 -10 65
76 -45 -59
24 22 20
-59 -32 41
46 -71 7
-58 -24 -38
-99 94 23
-15 64 -29
99 -52 -70
-64 -68 -93
-90 27 87
59 -37 -62
77 10 -24
12 -75 44
-7 74 -24
-74 65 29
-50 33 -87
17 -8 -71
-81 -93 -34
15 50 95
2 -37 -35
38 28 94
-62 -83 23
-73 -31 33
-53 84 -87
-54 44 20
-90 85 -60
35 -28 -41
-91 -75 -37
46 57 -58
-5 -94 70
-22 -78 -51
52 32 68
30 -40 -60
-86 -92 -66
6 -10 -47
50 29 -83
-59 40 71
-50 -51 -66
-51 91 51
6 -13 -90
-40 80 -58
94 -88 87
-87 57 93
-22 17 -36
-26 70 -48
-88 88 -85
55 -65 -27
-20 87 -15
85 -21 -71
-88 67 44
-52 -38 -86
-8 -96 0
95 -3 17
34 -24 -92
-18 -90 45
4 -62 -39
-66 37 -45
-12 70 -49
25 -6 54
68 81 -30
45 35 59
-56 -49 14
96 1 43
38 88 -17
-15 -66 75
-47 -85 78
-82 6 -60
1 -95 -61
-33 -87 -66
98 1
81 1
1 55
66 1
20 1
16 1
33 1
1 24
51 1
1 73
48 1
1 28
3 1
1 6
93 1
1 52
1 83
1 75
1 11
1 69
46 1
1 10
1 17
99 1
1 39
45 1
87 1
1 12
1 5
1 77
1 65
89 1
1 26
32 1
53 1
1 27
61 1
97 1
1 8
63 1
62 1
41 1
42 1
78 1
1 59
1 9
1 49
1 34
1 64
1 58
1 14
94 1
1 44
13 1
18 1
37 1
1 21
1 15
23 1
38 1
85 1
35 1
96 1
1 90
1 29
1 82
1 68
1 22
84 1
1 19
1 54
1 7
1 25
1 72
40 1
74 1
56 1
1 91
1 31
80 1
1 2
76 1
1 43
71 1
4 1
1 86
1 95
70 1
36 1
1 88
67 1
1 57
79 1
100 1
1 30
1 92
60 1
1 50
47 1
1 0 0 0