2
100
-59 46 -45
88 -92 3
18 19 43
-48 -66 -16
-61 18 86
40 -56 49
-25 -96 -62
-73 -60 3
5 -76 38
-6 35 88
-11 51 -64
-24 -67 -40
-1 45 -76
98 -68 25
44 -99 -71
11 44 -91
84 37 -37
25 -23 68
-16 -16 -12
63 -85 9
2 -28 -96
63 9 -16
-58 37 53
14 11 -34
4 73 -46
-48 -60 13
63 -78 -5
-61 -94 60
15 -29 -5
-99 -24 7
-59 -5 75
-43 -35 -90
40 22 -43
86 -50 -11
-76 -65 85
26 -87 90
-28 -57 80
70 -36 82
-85 -2 -99
85 -19 52
-88 -94 -85
-58 4 -85
-12 81 -75
25 59 92
-30 -77 -94
14 78 -6
73 42 -71
91 -81 -63
95 12 7
-56 -86 -70
47 21 59
-30 78 20
39 86 -28
-9 8 19
-65 45 -71
-63 83 -62
-66 -22 -71
-48 -93 47
59 35 -60
63 -90 83
-3 -7 -15
-42 -5 -11
13 45 -69
46 14 -16
-15 10 82
52 35 53
-57 67 -9
-6 49 -60
42 76 -92
-59 35 -12
87 39 64
36 42 73
47 -60 73
39 -41 10
-71 -36 64
63 35 -74
32 32 -33
-71 0 50
11 -97 63
74 -5 -10
-35 27 -53
50 90 -15
91 -27 55
-42 58 76
-27 -5 62
-68 37 -38
-93 -3 33
1 -13 77
-7 -31 28
-48 0 -24
8 79 -72
4 -31 -66
18 -95 -69
-77 -21 93
-1 35 84
-15 77 -17
-87 -93 -55
-64 76 98
-70 -10 18
65 -41 39
71 1
41 1
1 38
1 96
1 82
1 2
94 1
1 61
29 1
52 1
91 1
1 45
1 93
1 50
88 1
1 39
60 1
1 9
18 1
1 98
1 54
1 97
70 1
55 1
86 1
31 1
1 100
16 1
34 1
43 1
81 1
1 19
1 44
13 1
1 8
1 75
76 1
32 1
58 1
7 1
63 1
90 1
67 1
15 1
1 80
87 1
14 1
1 40
1 95
42 1
92 1
1 25
10 1
78 1
1 57
30 1
1 46
65 1
62 1
1 12
1 72
1 48
74 1
1 11
1 56
1 53
1 85
1 47
64 1
3 1
22 1
73 1
68 1
1 26
1 37
20 1
1 4
1 28
1 6
79 1
1 27
1 84
99 1
1 33
59 1
1 51
23 1
1 17
1 36
1 66
21 1
1 5
1 77
89 1
1 49
1 24
1 83
69 1
35 1
1 4416 4362 4001
100
-59 46 -45
88 -92 3
18 19 43
-48 -66 -16
-61 18 86
40 -56 49
-25 -96 -62
-73 -60 3
5 -76 38
-6 35 88
-11 51 -64
-24 -67 -40
-1 45 -76
98 -68 25
44 -99 -71
11 44 -91
84 37 -37
25 -23 68
-16 -16 -12
63 -85 9
2 -28 -96
63 9 -16
-58 37 53
14 11 -34
4 73 -46
-48 -60 13
63 -78 -5
-61 -94 60
15 -29 -5
-99 -24 7
-59 -5 75
-43 -35 -90
40 22 -43
86 -50 -11
-76 -65 85
26 -87 90
-28 -57 80
70 -36 82
-85 -2 -99
85 -19 52
-88 -94 -85
-58 4 -85
-12 81 -75
25 59 92
-30 -77 -94
14 78 -6
73 42 -71
91 -81 -63
95 12 7
-56 -86 -70
47 21 59
-30 78 20
39 86 -28
-9 8 19
-65 45 -71
-63 83 -62
-66 -22 -71
-48 -93 47
59 35 -60
63 -90 83
-3 -7 -15
-42 -5 -11
13 45 -69
46 14 -16
-15 10 82
52 35 53
-57 67 -9
-6 49 -60
42 76 -92
-59 35 -12
87 39 64
36 42 73
47 -60 73
39 -41 10
-71 -36 64
63 35 -74
32 32 -33
-71 0 50
11 -97 63
74 -5 -10
-35 27 -53
50 90 -15
91 -27 55
-42 58 76
-27 -5 62
-68 37 -38
-93 -3 33
1 -13 77
-7 -31 28
-48 0 -24
8 79 -72
4 -31 -66
18 -95 -69
-77 -21 93
-1 35 84
-15 77 -17
-87 -93 -55
-64 76 98
-70 -10 18
65 -41 39
71 1
41 1
1 38
1 96
1 82
1 2
94 1
1 61
29 1
52 1
91 1
1 45
1 93
1 50
88 1
1 39
60 1
1 9
18 1
1 98
1 54
1 97
70 1
55 1
86 1
31 1
1 100
16 1
34 1
43 1
81 1
1 19
1 44
13 1
1 8
1 75
76 1
32 1
58 1
7 1
63 1
90 1
67 1
15 1
1 80
87 1
14 1
1 40
1 95
42 1
92 1
1 25
10 1
78 1
1 57
30 1
1 46
65 1
62 1
1 12
1 72
1 48
74 1
1 11
1 56
1 53
1 85
1 47
64 1
3 1
22 1
73 1
68 1
1 26
1 37
20 1
1 4
1 28
1 6
79 1
1 27
1 84
99 1
1 33
59 1
1 51
23 1
1 17
1 36
1 66
21 1
1 5
1 77
89 1
1 49
1 24
1 83
69 1
35 1
1 0 0 0