100
27 -17 70
-43 -53 -44
97 -13 19
96 49 -64
72 60 34
-9 -60 -60
-72 50 17
41 -40 -72
-84 80 51
46 -96 59
-84 26 -12
-50 -92 91
-41 20 -53
-11 4 11
-94 28 -95
-50 -1 -97
52 10 65
7 7 -5
53 -88 51
55 32 -33
-76 51 -74
-52 -28 -27
-86 -78 -14
33 -10 37
52 8 14
-29 34 -9
-96 14 -91
-100 -82 73
-80 61 56
89 14 -20
67 -82 -28
86 -89 26
-64 36 -8
25 91 60
58 58 99
-64 74 37
-5 -42 -21
29 47 -46
55 -88 -5
89 -17 4
-29 79 -28
12 -55 -92
-66 -36 34
-29 -99 17
82 -5 -81
-92 41 -39
17 73 -59
29 -79 -53
66 28 91
59 -56 -10
-45 -80 85
-39 83 65
-86 -42 -3
-47 -55 -38
-13 90 47
-65 76 -35
7 -68 -46
0 64 11
98 -79 31
-38 68 90
-72 12 60
94 9 48
55 68 -73
42 34 41
46 73 -88
-62 -13 41
-62 -37 -52
-87 -52 -87
-30 -88 -18
63 -3 -20
8 -41 -47
-5 25 -26
97 45 -70
53 49 -30
-82 6 7
-16 29 68
45 7 49
94 -88 -47
88 -83 45
68 12 76
-19 18 24
55 -66 19
-20 63 92
9 -30 62
-81 76 25
-91 -73 -9
10 -42 -59
59 57 -25
76 10 -58
20 16 87
-99 -48 62
-68 43 13
-68 -76 -77
90 -30 74
24 -28 -47
2 67 41
99 38 -90
-71 12 -13
-54 45 79
-2 38 37
1 84
92 1
7 1
28 1
83 1
54 1
1 18
1 35
72 1
39 1
59 1
1 66
1 19
1 94
42 1
1 36
81 1
93 1
8 1
17 1
1 3
1 60
1 61
1 89
1 95
1 46
2 1
1 80
44 1
25 1
77 1
78 1
52 1
1 88
1 53
79 1
1 15
97 1
1 100
1 20
1 16
1 76
1 32
1 67
40 1
14 1
1 43
65 1
1 56
1 34
1 21
29 1
23 1
41 1
1 68
63 1
1 24
1 55
1 47
1 48
1 74
90 1
1 4
75 1
13 1
73 1
5 1
1 12
57 1
1 10
1 37
1 33
1 86
1 26
1 49
1 69
1 38
96 1
87 1
50 1
27 1
45 1
1 62
1 58
64 1
91 1
51 1
1 31
1 9
1 70
11 1
1 30
1 99
6 1
1 85
82 1
1 22
98 1
71 1
1 4492 4002 -4456